789759
114000
738721
726873
225123
369934
851391
736714
583114
863552
603381
892675
582847
902968
829070
990032
155093
715543
628388
153817
954158
111877
526755
440004
725900
3327
504816
626758
107131
981401
220067
272175
496599
877627
222898
619886
627810
520429
17535
615922
523403
617377
102957
977490
279015
823488
149819
453614
633661
207396
681364
682676
474260
132367
289479
816375
96614
556364
425401
158939
824332
35513
798454
969254
659086
141251
297003
174164
438961
202181
798253
357309
635548
734302
998263
792539
462537
850668
737289
747159
645839
409321
947806
985073
419554
762324
505119
490640
273586
305873
342978
302904
557425
574524
239043
810410
913528
205005
274008
703099
17558
102988
397270
824068
487980
398169
246953
541801
137261
125540
900665
751514
882318
13964
257891
342066
807323
354366
261029
630377
355036
508857
389400
542563
613176
269425
125654
325518
437775
803905
981629
728198
49153
386644
275324
501429
773683
950183
64123
433319
879438
219851
699129
983029
58884
337266
350973
274394
159202
209544
414911
535103
193202
11456
933668
900979
444145
798964
844381
608465
562467
517018
725339
737913
146522
749377
375855
83601
394607
690964
981838
767757
416922
313252
534527
541491
122303
858122
466102
896402
580093
20203
717721
988307
56240
303093
609601
520520
503859
377446
635385
540097
594244
748913
573493
583459
152302
504475
23413
26913
502951
511771
883991
966372
554625
638028
640009
434951
821357
146386
240009
88567
653922
254033
809530
508626
592308
765471
425256
329397
618645
885270
767812
481508
718508
763574
269075
372462
493773
905037
520270
382791
218799
290067
336992
718880
122034
621203
273977
48544
464917
759070
705056
108877
201364
624583
554163
783033
119970
400293
291939
109271
539007
766494
617172
572663
864349
635107
694807
591438
942068
182033
480403
951777
750818
753151
811679
592985
607413
715914
809851
368538
457740
700249
513821
693476
89821
34992
413998
131921
407567
273255
652082
150972
201026
739290
244941
331229
619140
684016
689318
401567
108634
389515
752598
665950
144088
278833
154276
900776
825122
224415
450830
221290
792763
680282
863308
141216
911424
952212
87900
465964
718093
736903
968182
661257
629372
537909
225074
782374
576010
917131
528073
86048
499337
984007
171364
653498
929857
94556
804233
191938
502274
72801
973074
104478
561537
124783
902458
447691
521383
454694
873548
349407
280640
385690
136504
686104
794209
138029
285334
881611
311030
514770
421306
898267
511386
316720
104669
74480
106505
866522
986032
322571
585814
639448
952130
432991
929217
303152
99588
878477
598573
893220
297036
107205
792994
496317
167620
862428
95903
517478
271273
195630
659971
785218
112159
363960
65064
490489
707134
819298
243263
324122
658213
817737
696557
754207
868609
460600
293620
592379
609726
43945
679712
214430
606830
229322
484876
161815
128187
886752
966474
748925
608943
655669
984949
266896
456830
928717
176143
605511
990634
545504
734351
398423
105624
796687
229396
445054
910467
831087
654518
756936
183025
896468
722778
568909
120247
132502
148066
494457
964204
154922
232289
777583
38713
108515
690692
55311
970331
192630
706714
877444
524463
783292
210438
522740
857760
432718
202239
339048
433274
991202
997335
846438
140254
727437
812977
259787
974377
992794
614033
529500
280136
80018
80609
54213
20807
630699
394072
716201
229342
884066
329572
970346
348565
741989
87737
255282
325601
100346
398019
433082
341129
630154
366474
444453
177860
613331
410333
787769
199869
352420
638927
249123
885729
279882
572081
371897
917656
590595
446552
466826
865161
457996
351587
112572
764667
228449
628751
789797
135216
744155
481026
357027
706543
29980
936522
388232
442135
679612
954885
274837
820570
807750
858040
760393
374787
456264
193208
268
407145
63763
125492
350998
912953
454909
764976
945530
566734
614428
777516
699184
311819
327918
885946
718431
4503
916764
40499
725323
120772
574990
537629
118693
707935
999481
607348
26296
662939
19593
97858
584389
557667
696513
746356
848410
620845
511708
91554
775745
71735
43700
56991
394153
883192
873789
424110
903549
749640
597957
902861
42067
13568
838191
419401
168543
113785
871997
380123
203287
844691
320211
496343
693508
745269
577514
226075
727677
939969
365943
376035
457763
558622
912654
607226
47581
951408
399277
745054
168026
209213
786942
567696
272582
335127
658864
87259
362566
283282
462321
282192
807496
867830
555474
53736
219666
935816
586917
885733
329502
587212
639749
866536
274785
133520
611708
116886
326312
557923
451361
843230
468295
78022
750236
222820
998539
62477
891768
64451
249833
323991
592848
887709
105256
530548
330266
47847
113612
901828
346508
933252
992525
964372
881981
460352
417558
184673
989640
764995
565569
335445
681826
147255
295872
956326
271312
101668
150351
638650
774090
244439
320329
648952
799464
490514
651300
826532
942424
417045
334297
222564
100889
220451
391034
212079
75861
247745
908605
261034
177979
254275
472451
639871
647348
871040
139977
301901
406480
176047
847612
492699
165512
308726
773756
783314
72467
249279
175763
853304
374733
620018
341093
188217
612469
609474
820567
637189
934463
116094
312688
430536
354122
898962
218666
528673
924619
116012
447150
368528
932670
452732
892965
284187
563694
704845
86685
365672
570859
714624
975190
659914
32536
473399
558094
44804
669462
399861
29663
331968
501793
720334
891816
825431
66452
585393
547776
955212
368254
800033
813594
120469
461475
680111
466
166795
851328
68704
21133
363425
711072
584151
615353
106749
885786
763551
790291
801174
130841
222975
368772
998558
176625
1341
633461
256876
27804
670539
770946
572969
349910
954753
397331
313686
816124
165286
368875
524000
280979
723778
263317
71434
489571
390613
3052
557774
729381
24978
324686
132262
795431
247964
197968
449059
870362
546561
321111
873952
306496
453445
279056
599278
476472
846657
957301
738735
259443
538290
119798
622981
681007
740880
919135
343214
278608
79102
265513
311123
989720
216545
911925
716701
682838
124754
729974
849607
880058
471115
314300
227433
796747
206101
405543
267181
842578
4488
592233
490718
48396
793773
413630
895682
897941
531432
175447
161707
543117
121808
20973
419962
499121
442331
648153
611393
39206
391624
448721
449712
907754
431096
17546
11570
79965
892366
373861
476821
352784
259164
347141
132765
751732
939659
613939
202298
125172
121283
94344
475301
924614
93921
49147
54
347659
274314
588650
318153
102776
151346
121320
67971
237155
679932
194161
175270
62270
231690
877932
138372
271061
306357
493159
971169
975584
483025
656508
214652
530985
969293
343352
685900
326930
848812
823753
433584
55728
365998
655831
632810
606561
463155
84042
785463
270076
965294
277132
153694
154604
332025
168125
151076
764903
784612
365828
609128
780777
165858
648782
359056
505180
153338
850067
752774
9225
451825
621307
870364
215625
31201
828058
496545
479251
647022
534033
726334
868918
821219
822115
38758
911738
199197
823434
754090
169584
689092
321502
144883
136257
321630
116873
111689
895513
305890
9198
860469
802229
202042
695749
103135
849328
895742
601798
422953
803237
83430
94110
800309
882769
232422
824369
35021
637121
28595
451495
930684
374744
884889
407705
681535
174371
162487
191055
11780
432869
147902
899337
457928
638740
540196
468963
620418
19790
417686
38830
300183
697972
952443
194962
936611
400178
126289
881984
437936
265262
393996
285903
13113
836110
714998
471221
872338
244661
152205
346352
650229
83578
320560
220804
296461
545006
541604
907148
934032
270557
815416
17407
936590
618200
496944
998162
823672
713417
236892
925133
641269
924837
988908
740669
496510
689761
